0.000000000000000e+00 0.000000000000000e+00 5.000000000000000e-01
5.000000000000000e-02 3.101651190709013e-03 4.983200251828998e-01
1.000000000000000e-01 6.177837813016430e-03 4.932953893142057e-01
1.500000000000000e-01 9.203397729688964e-03 4.849717880560328e-01
2.000000000000000e-01 1.215376659321324e-02 4.734248393105831e-01
2.500000000000000e-01 1.500526720057045e-02 4.587592759729631e-01
3.000000000000000e-01 1.773538167836117e-02 4.411078281541537e-01
3.500000000000000e-01 2.032301007679399e-02 4.206298184772226e-01
4.000000000000000e-01 2.274870412468910e-02 3.975094774677618e-01
4.500000000000000e-01 2.499487758097135e-02 3.719540072580187e-01
5.000000000000000e-01 2.704598850245787e-02 3.441914182500241e-01
5.500000000000000e-01 2.888869126063784e-02 3.144681645813500e-01
6.000000000000001e-01 3.051195647324934e-02 2.830466096050802e-01
6.500000000000000e-01 3.190715756549778e-02 2.502023525464666e-01
7.000000000000001e-01 3.306812329146161e-02 2.162214494255078e-01
7.500000000000000e-01 3.399115614741227e-02 1.813975619178752e-01
8.000000000000000e-01 3.467501720656399e-02 1.460290680823074e-01
8.500000000000001e-01 3.512087848161841e-02 1.104161686112189e-01
9.000000000000000e-01 3.533224446614747e-02 7.485802148807630e-02
9.500000000000001e-01 3.531484500780904e-02 3.964993670108856e-02
1.000000000000000e+00 3.507650211557450e-02 5.080660991185787e-03
1.050000000000000e+00 3.462697369111131e-02 -2.857021945089967e-02
1.100000000000000e+00 3.397777749400963e-02 -6.103473283247748e-02
1.150000000000000e+00 3.314199889614762e-02 -9.205880934667431e-02
1.200000000000000e+00 3.213408614825669e-02 -1.214043826310830e-01
1.250000000000000e+00 3.096963696960491e-02 -1.488512883389904e-01
1.300000000000000e+00 2.966518027934432e-02 -1.741989462887140e-01
1.350000000000000e+00 2.823795681696951e-02 -1.972678159315274e-01
1.400000000000000e+00 2.670570225274298e-02 -2.179006181438427e-01
1.450000000000000e+00 2.508643617174926e-02 -2.359633195462614e-01
1.500000000000000e+00 2.339826003385640e-02 -2.513458786259147e-01
1.550000000000000e+00 2.165916687408231e-02 -2.639627558389667e-01
1.600000000000000e+00 1.988686512263562e-02 -2.737531925527414e-01
1.650000000000000e+00 1.809861850114200e-02 -2.806812661136459e-01
1.700000000000000e+00 1.631110350191813e-02 -2.847357304670716e-01
1.750000000000000e+00 1.454028549169935e-02 -2.859296535856382e-01
1.800000000000000e+00 1.280131401127833e-02 -2.842998644673477e-01
1.850000000000000e+00 1.110843737928406e-02 -2.799062236383955e-01
1.900000000000000e+00 9.474936262739361e-03 -2.728307319375354e-01
1.950000000000000e+00 7.913075459384855e-03 -2.631764928787347e-01
2.000000000000000e+00 6.434072756548864e-03 -2.510665441024506e-01
2.050000000000000e+00 5.048083397017511e-03 -2.366425733559294e-01
2.100000000000000e+00 3.764198401140617e-03 -2.200635341181341e-01
2.150000000000000e+00 2.590454772092105e-03 -2.015041754389132e-01
2.200000000000000e+00 1.533855452110738e-03 -1.811534998325121e-01
2.250000000000000e+00 6.003968042959940e-04 -1.592131621930927e-01
2.300000000000000e+00 -2.048986318281265e-04 -1.358958217269125e-01
2.350000000000000e+00 -8.779463229711126e-04 -1.114234578651808e-01
2.400000000000000e+00 -1.415562971318590e-03 -8.602566007568690e-02
2.450000000000000e+00 -1.815430735203072e-03 -5.993790047072931e-02
2.500000000000000e+00 -2.076064168078762e-03 -3.339979715144162e-02
2.550000000000000e+00 -2.196781337002213e-03 -6.653375368300990e-03
2.600000000000000e+00 -2.177680276416211e-03 2.005866715631369e-02
2.650000000000000e+00 -2.019621596791171e-03 4.649468498140846e-02
2.700000000000000e+00 -1.724217710283416e-03 7.241579443026316e-02
2.750000000000000e+00 -1.293828767186894e-03 9.758756269352781e-02
2.800000000000000e+00 -7.315650280326769e-04 1.217816714965377e-01
2.850000000000000e+00 -4.129503714123128e-05 1.447775501474334e-01
2.900000000000000e+00 7.723413755508501e-04 1.663639724836744e-01
2.950000000000000e+00 1.703916546847623e-03 1.863406117799210e-01
3.000000000000000e+00 2.747196439953165e-03 2.045195470919067e-01
3.050000000000000e+00 3.895121888668668e-03 2.207267138163315e-01
3.100000000000000e+00 5.139791574181513e-03 2.348032904780776e-01
3.150000000000000e+00 6.472448794607871e-03 2.466070129491871e-01
3.200000000000000e+00 7.883474136924140e-03 2.560134064978341e-01
3.250000000000000e+00 9.362386145409962e-03 2.629169253005735e-01
3.300000000000000e+00 1.089785199954731e-02 2.672319883685974e-01
3.350000000000000e+00 1.247771006844579e-02 2.688939002792721e-01
3.400000000000000e+00 1.408900600094669e-02 2.678596447067852e-01
3.450000000000000e+00 1.571804374484497e-02 2.641085385464201e-01
3.500000000000000e+00 1.735045257090629e-02 2.576427344580143e-01
3.550000000000000e+00 1.897127081471538e-02 2.484875599428401e-01
3.600000000000000e+00 2.056504665019186e-02 2.366916816360063e-01
3.650000000000000e+00 2.211595578227415e-02 2.223270843585486e-01
3.700000000000000e+00 2.360793550295211e-02 2.054888556374899e-01
3.750000000000000e+00 2.502483410530280e-02 1.862947678687332e-01
3.800000000000000e+00 2.635057420549755e-02 1.648846520591652e-01
3.850000000000000e+00 2.756932809402543e-02 1.414195591255714e-01
3.900000000000000e+00 2.866570283550797e-02 1.160807070258233e-01
3.950000000000000e+00 2.962493247188036e-02 8.906821452193844e-02
4.000000000000000e+00 3.043307436608117e-02 6.059962508766334e-02
4.050000000000000e+00 3.107720646143376e-02 3.090822733176131e-02
4.100000000000001e+00 3.154562203318734e-02 2.411812632611976e-04
4.150000000000000e+00 3.182801837934993e-02 -3.114253727666103e-02
4.200000000000000e+00 3.191567584269082e-02 -6.297435870630601e-02
4.250000000000000e+00 3.180162357757189e-02 -9.497849009532000e-02
4.300000000000000e+00 3.148078857537824e-02 -1.268744128513922e-01
4.350000000000001e+00 3.095012464027681e-02 -1.583794841043207e-01
4.400000000000000e+00 3.020871826047836e-02 -1.892116158451656e-01
4.450000000000000e+00 2.925786864517765e-02 -2.190920038345595e-01
4.500000000000000e+00 2.810113958811324e-02 -2.477478766013451e-01
4.550000000000000e+00 2.674438126802491e-02 -2.749152335546248e-01
4.600000000000001e+00 2.519572059553747e-02 -3.003415403664343e-01
4.650000000000000e+00 2.346551925528352e-02 -3.237883493784948e-01
4.700000000000000e+00 2.156629916057023e-02 -3.450338128664126e-01
4.750000000000000e+00 1.951263562394923e-02 -3.638750575708868e-01
4.800000000000001e+00 1.732101913855711e-02 -3.801303899812800e-01
4.850000000000001e+00 1.500968724970071e-02 -3.936413034259055e-01
4.900000000000000e+00 1.259842856152637e-02 -4.042742600698369e-01
4.950000000000000e+00 1.010836145776538e-02 -4.119222234195002e-01
5.000000000000000e+00 7.561690607032458e-03 -4.165059198496310e-01
