0.000000000000000e+00 7.617367294657923e-16 2.373783429389726e-15
5.000000000000000e-02 -1.432822542360181e-06 1.619989584678911e-05
1.000000000000000e-01 4.798582840869036e-05 5.498366997505491e-05
1.500000000000000e-01 1.524655436259956e-04 1.586632812337986e-04
2.000000000000000e-01 3.728110203063697e-04 2.705264235046159e-04
2.500000000000000e-01 7.214403482222403e-04 4.203819917485095e-04
3.000000000000000e-01 1.228331948850779e-03 5.911556728226248e-04
3.500000000000000e-01 1.914269004819142e-03 7.789483876645155e-04
4.000000000000000e-01 2.795803858977632e-03 9.775583916292506e-04
4.500000000000000e-01 3.884170388655478e-03 1.180398565908779e-03
5.000000000000000e-01 5.184973980676927e-03 1.380695584977395e-03
5.500000000000000e-01 6.698035651989993e-03 1.571691562541219e-03
6.000000000000001e-01 8.417393160451536e-03 1.746841286139023e-03
6.500000000000000e-01 1.033145860725708e-02 1.899998382871337e-03
7.000000000000001e-01 1.242332663459576e-02 2.025584200431529e-03
7.500000000000000e-01 1.467122255303848e-02 2.118733863801825e-03
8.000000000000000e-01 1.704907503305518e-02 2.175414844599127e-03
8.500000000000001e-01 1.952719368245654e-02 2.192514427730133e-03
9.000000000000000e-01 2.207302806942984e-02 2.167893640719273e-03
9.500000000000001e-01 2.465198171022361e-02 2.100406481461613e-03
1.000000000000000e+00 2.722825237727662e-02 1.989884592970659e-03
1.050000000000000e+00 2.976566892808759e-02 1.837088839419631e-03
1.100000000000000e+00 3.222849480429135e-02 1.643630486474416e-03
1.150000000000000e+00 3.458216945978234e-02 1.411865832185488e-03
1.200000000000000e+00 3.679396125471858e-02 1.144769127638744e-03
1.250000000000000e+00 3.883350875615903e-02 8.457894295653538e-04
1.300000000000000e+00 4.067323182092077e-02 5.186976076784788e-04
1.350000000000000e+00 4.228859915604444e-02 1.674300636548324e-04
1.400000000000000e+00 4.365824506436684e-02 -2.040642079337608e-04
1.450000000000000e+00 4.476393455465040e-02 -5.919667777066261e-04
1.500000000000000e+00 4.559038266451604e-02 -9.927171687299113e-04
1.550000000000000e+00 4.612494042783150e-02 -1.403119172818280e-03
1.600000000000000e+00 4.635716612737764e-02 -1.820421698826739e-03
1.650000000000000e+00 4.627830602660810e-02 -2.242370836195805e-03
1.700000000000000e+00 4.588071340950561e-02 -2.667231031201714e-03
1.750000000000000e+00 4.515723824656444e-02 -3.093774572509670e-03
1.800000000000000e+00 4.410062196417580e-02 -3.521239914385757e-03
1.850000000000000e+00 4.270293249490129e-02 -3.949260676745467e-03
1.900000000000000e+00 4.095507395958560e-02 -4.377768398608443e-03
1.950000000000000e+00 3.884640297709056e-02 -4.806873236268512e-03
2.000000000000000e+00 3.636447977893581e-02 -5.236727745652665e-03
2.050000000000000e+00 3.349497715486924e-02 -5.667379633086834e-03
2.100000000000000e+00 3.022176396241788e-02 -6.098619871695462e-03
2.150000000000000e+00 2.652717274253442e-02 -6.529832843142226e-03
2.200000000000000e+00 2.239245318100236e-02 -6.959855167772236e-03
2.250000000000000e+00 1.779840505824339e-02 -7.386849632122614e-03
2.300000000000000e+00 1.272617627267173e-02 -7.808200122947107e-03
2.350000000000000e+00 7.158203841629753e-03 -8.220432752416173e-03
2.400000000000000e+00 1.079268804525862e-03 -8.619167439311914e-03
2.450000000000000e+00 -5.522370025149015e-03 -8.999103132096987e-03
2.500000000000000e+00 -1.265380322732374e-02 -9.354038663269840e-03
2.550000000000000e+00 -2.031630187120062e-02 -9.676929955594148e-03
2.600000000000000e+00 -2.850419716109780e-02 -9.959983006591702e-03
2.650000000000000e+00 -3.720385315163632e-02 -1.019478080505579e-02
2.700000000000000e+00 -4.639277521630099e-02 -1.037244112752358e-02
2.750000000000000e+00 -5.603889343773874e-02 -1.048380106555844e-02
2.800000000000000e+00 -6.610005501369560e-02 -1.051962318351499e-02
2.850000000000000e+00 -7.652375332496282e-02 -1.047081743253978e-02
2.900000000000000e+00 -8.724711373369277e-02 -1.032867237439645e-02
2.950000000000000e+00 -9.819714776158081e-02 -1.008508891540299e-02
3.000000000000000e+00 -1.092912783626836e-01 -9.732809625556643e-03
3.050000000000000e+00 -1.204381299019851e-01 -9.265636822258781e-03
3.100000000000000e+00 -1.315385675327662e-01 -8.678632925444352e-03
3.150000000000000e+00 -1.424869622808352e-01 -7.968297127823971e-03
3.200000000000000e+00 -1.531726506173965e-01 -7.132713149761619e-03
3.250000000000000e+00 -1.634815509250916e-01 -6.171663736894446e-03
3.300000000000000e+00 -1.732978942761277e-01 -5.086708578514202e-03
3.350000000000000e+00 -1.825060235320926e-01 -3.881223440937625e-03
3.400000000000000e+00 -1.909922130610617e-01 -2.560399484726902e-03
3.450000000000000e+00 -1.986464613973732e-01 -1.131202928426919e-03
3.500000000000000e+00 -2.053642109191123e-01 3.977036050416361e-04
3.550000000000000e+00 -2.110479519931316e-01 2.016075608384652e-03
3.600000000000000e+00 -2.156086738762189e-01 3.712233605486713e-03
3.650000000000000e+00 -2.189671307438791e-01 5.473238099315885e-03
3.700000000000000e+00 -2.210548982764101e-01 7.285087452567358e-03
3.750000000000000e+00 -2.218152039603067e-01 9.132933043818479e-03
3.800000000000000e+00 -2.212035223333999e-01 1.100130568005524e-02
3.850000000000000e+00 -2.191879344782292e-01 1.287434709034806e-02
3.900000000000000e+00 -2.157492588201496e-01 1.473604037827842e-02
3.950000000000000e+00 -2.108809674057667e-01 1.657043356832064e-02
4.000000000000000e+00 -2.045889080485953e-01 1.836185083245767e-02
4.050000000000000e+00 -1.968908578032127e-01 2.009508660966494e-02
4.100000000000001e+00 -1.878159369921442e-01 2.175557860808316e-02
4.150000000000000e+00 -1.774039153484303e-01 2.332955657765379e-02
4.200000000000000e+00 -1.657044427036685e-01 2.480416472521747e-02
4.250000000000000e+00 -1.527762360648309e-01 2.616755667663262e-02
4.300000000000000e+00 -1.386862529657979e-01 2.740896293155824e-02
4.350000000000001e+00 -1.235088777927804e-01 2.851873176584412e-02
4.400000000000000e+00 -1.073251435594452e-01 2.948834547473132e-02
4.450000000000000e+00 -9.022200658211840e-02 3.031041468079321e-02
4.500000000000000e+00 -7.229168594263051e-02 3.097865412133512e-02
4.550000000000000e+00 -5.363107380849785e-02 3.148784385411994e-02
4.600000000000001e+00 -3.434121689402107e-02 3.183378015779433e-02
4.650000000000000e+00 -1.452686386956698e-02 3.201322054212037e-02
4.700000000000000e+00 5.703931383228750e-03 3.202382721925615e-02
4.750000000000000e+00 2.629838952135810e-02 3.187151100928588e-02
4.800000000000001e+00 4.663379910488649e-02 3.149742845715689e-02
4.850000000000001e+00 6.856359245189088e-02 3.110415191272124e-02
4.900000000000000e+00 8.749507453225233e-02 3.028154164779984e-02
4.950000000000000e+00 1.100871722563105e-01 2.958363078374954e-02
5.000000000000000e+00 1.268036626570865e-01 2.837090995597278e-02
